[[23,   12  , 4,   6,  -5, -15, -23, -31, -40],
 [12,   16,   8,   2,  -1, -11, -19, -27, -36],
  [9,    8,  12,   4,   3,  -7, -15, -23, -32],
  [8,   12,  11,   8,   7,  -3, -11, -19, -28],
  [7,   11,  15,  12,  11,   1,  -7, -15, -24],
 [-1   , 3,   7,  11,  15,   5,  -3, -11, -20]
 [-9,   -5,  -1,   1,   5,   9,   1,  -7, -16],
[-10,   -6,  -7,  -3,  -1,   3,   5,  -3, -12]
[-18,  -14, -10,  -6,  -2,   2,   6,   1,  -8]
[-23,  -19, -15, -11,  -7,  -3,   1,   5,  -4],
[-32,  -28, -24, -20, -16, -12,  -8,  -4,   0]]

 [[23, 12,    4,   6,  -5, -15, -23, -31, -40],
  [12, 16,    8,   2,  -1, -11, -19, -27, -36],
   [9,  8,   12,   4,   3,  -7, -15, -23, -32],
   [8, 12,   11,   8,   7,  -3, -11, -19, -28],
   [7, 11,   15,  12,  11,   1,  -7, -15, -24],
  [-1,  3,    7,  11,  15,   5,  -3, -11, -20],
  [-9, -5,   -1,   1,   5,   9,   1,  -7, -16],
 [-10, -6,   -7,  -3,  -1,   3,   5,  -3, -12],
 [-18, -14, -10,  -6,  -2,   2,   6,   1,  -8],
 [-23, -19, -15, -11,  -7,  -3,   1,   5,  -4],
 [-32, -28, -24, -20, -16, -12,  -8,  -4,   0]]
